101101734767
101102083212
101101691401
101102136886
101101635868
101102131777
101101730884
101101591169
101101993441
101102028748
101102068037
101102161621
101102155465
101101453191
101101875176
101101788242
101101701340
101101203665
101101963605
101101694053
101101657288
101101883266
101101812509
101101990968
101102153524
101102007103
101101954459
101101267275
101102004256
101101913287
101102099512
101102102863
101101544763
101102037361
101102162616
101102118212
101102075008
101101586792
101102113926
101102029673
101101943921
101101978174
101101053640
101101502910
101101869412
101101488584
101101888745
101102121954
101100895696
101101646031
101100889568
101101664031
101101685549
101102161125
101100811582
101102130676
101102103117
101100647508
101101557034
101102075505
101101750375
101101583728
101101895463
101102122688
101101994571
101102047897
101102102588
101101952749
101101631041
101102074848
101101885585
101101869242
101102012165
101102095743
101101083091
101102129707
101102062357
101102051285
101102097174
101101320434
101102136253
101101713875
101101610710
101101490393
101102127800
101102133671
101101283163
101102152100
101102089816
101101909213
101101788297
101101489672
101101450316
101101776677
101102128498
101101972639
101101897597
101102038262
101102133201
101102112768
101101991051
101101864792
101102135514
101101977222
101102110160
101101424796
101101854006
101102060185
101101700898
101101937202
101102064195
101101984162
101102085204
101101822887
101101799330
101101873720
101101411695
101102108898
101102132557
101101652991
101102136143
101102091192
101101523884
101102017244
101102000730
101102058978
101102058979
101101982790
101101975615
101102126692
101102029976
101102064450
101102076733
101101877690
101102052850
101101878696
101101885894
101101896602
101102155921
101102162108
101101947991
101101963055
101101647024
101102072085
101101877257
101102142916
101101825245
101101503100
101101990654
101101980258
101101764211
101101400102
101101829647
101101520855
101101952709
101102120478
101101979474
101101557850
101101438363
101102066749
101101636897
101102115421
101101555684
101101885435
101100954103
101101977009
101102141503
101101823210
101101814608
101102148603
101101620587
101101986734
101101967516
101101325544
101101741931
101101932883
101102133939
101101951373
101102153734
101101662382
101101869841
101101557318
101102074708
101101825112
101102089275
101101871810
101101897413
101101921830
101101864947
101101946741
101101582192
101101728462
101102034871
101102072908
101101675126
101101871614
101102027310
101101783741
101101649561
101101979749
101101915478
101101695298
101101870621
101101849090
101101797840
101101721170
101102105615
101101941691
101102097617
101102062035
101102154956
101101286919
101101752045
101101730538
101101668966
101101431684
101101872486
101102150861
101101795909
101102098590
101101868086
101102105113
101101906338
101102099109
101101759342
101101921852
101101239036
101102131764
101102118511
101102076100
101101917398
101101973517
101101234574
101102027173
101101738789
101101725733
101101788174
101101509977
101101945381
101101947652
101101589896
101102044838
101101893863
101102111032
101102153105
101101900058
101102012478
101102098747
101101840027
101101671655
101102140018
101102142352
101102098748
101101366177
101101337226
101102108561
101101722375
101101897601
101102156524
101102041944
101101920964
101101459971
101102085419
101101949259
101101710416
101102099200
101102070097
101101936300
101102038591
101101651095
101101446254
101102102275
101101962453
101101454043
101101886993
101101482175
101101756625
101102013498
101101849852
101102129312
101101337762
101101540806
101101612986
101101621842
101101987508
101101741185
101102076739
101101984486
101101615666
101101775385
101102140338
101101984480
101101914025
101102093878
101101610468
101101862569
101101987016
101102112353
101101727434
101101429776
101101972353
101102150074
101101734924
101101880490
101101988165
101101951025
101102078894
101101689481
101101948257
101102094801
101102137369
101102123963
101101679718
101102102599
101102040476
101102062768
101102133765
101101732560
101101871942
101102064592
101101848134
101102150822
101101637973
101102044871
101101974383
101101820149
101101924070
101102061284
101102063007
101101949428
101102042143
101101450080
101101661346
101101889487
101101821087
101101710354
101101886731
101101791689
101101487898
101101855644
101101933293
101101657390
101101583681
101102117775
101102064282
101102098253
101101998177
101102109141
101101760415
101102117174
101102031315
101102049427
101102141344
101102048406
101101995915
101101851406
101101393974
101101435334
101102085326
101101970854
101102144704
101101731216
101100560913
101101752235
101101037911
101102068114
101101295913
101101800663
101102051245
101101656818
101102152799
101101825902
101101962480
101102094741
101101421084
101101663731
101102056599
101102080577
101102051487
101101904872
101102080470
101102147367
101101291211
101102092333
101102031032
101102113301
101102027188
101101925334
101102129213
101102071911
101102110334
101102122677
101101533781
101101593401
101101629988
101102102805
101101945215
101101559581
101101959918
101102098873
101102064832
101102113739
101101860476
101101946097
101101951183
101101679042
101101285615
101101875187
101101902126
101101961412
101101946777
101101896384
101102101228
101101781209
101102065715
101101120714
101101864022
101102095362
101102146294
101102097546
101102076602
101101425554
101102064656
101102033614
101101501970
101102141540
101101733646
101102074822
101102083198
101102124378
101102034210
101101445337
101102012181
101102130990
101101985950
101101900761
101102009822
101102033009
101101746733
101101723261
101102160036
101101688307
101101874270
101102137960
101101548103
101101700441
101101776615
101101288842
101101603796
101101973210
101102087782
101101833531
101101912756
101101938396
101101759354
101101672288
101101642021
101102093761
101102077658
101101976000
101102148106
101101917818
101102053183
101101953653
101101992392
101101965283
101101724536
101101725339
101101996416
101101761504
101101424977
101102052697
101101962758
101101930390
101101869317
101102111005
101102157948
101102114528
101102072610
101102119904
101102126026
101102089054
101101668217
101101369239
101101808944
101101829712
101102065946
101101750695
101102055135
101101943056
101101705608
101102162327
101102007994
101102141009
101102122355
101102112688
101101621004
101102061172
101101065843
101101931619
101101800220
101101977708
101101842720
101101462384
101101767125
101101787183
101101889360
101102129032
101101832118
101101340631
101101890831
101101544747
101101913635
101102034797
101102058177
101102080822
101101740510
101101635110
101101546884
101102042508
101101460424
101100693121
101101841730
101101852091
101101916353
101101870498
101101692360
101101869464
101101689342
101102126175
101102063498
101101978535
101101539493
101102110248
101101869999
101102105507
101102107463
101101775476
101102113529
101102011254
101102085740
101101979059
101101968951
101101809095
101101971109
101101637868
101102057968
101102139567
101101948438
101101907762
101101915498
101101403957
101101842570
101102070657
101102163419
101102077890
101101980493
101101940198
101101987540
101100539605
101101634047
101102118392
101102081310
101101993189
101101925628
101101894219
101101649628
101102111161
101101755428
101102066221
101102154833
101102072860
101102117764
101101175907
101101312445
101101953010
101101436828
101102105649
101101804216
101102067114
101102086037
101101860869
101102012351
101101880120
101101615281
101101750792
101101561857
101101754764
101101990473
101101400975
101101947145
101101368970
101102008520
101101868739
101102091313
101101675812
101101580415
101102008168
101101613137
101102121425
101102004080
101102121420
101101869049
101101548204
101101854156
101101424888
101102065338
101102075946
101101061967
101101966968
101101645063
101101589360
101100962695
101102047144
101102025754
101101968156
101101842583
101102113839
101101561823
101101680961
101101929844
101102115213
101102045405
101102046498
101101606162
101101706688
101101998075
101102102883
101101916007
101100998691
101101927676
101101521639
101102132545
101102136608
101101893870
101102021504
101101568163
101102054180
101102136424
101102161078
101101985091
101101829536
101101497119
101101930763
101101956014
101102120580
101102118875
101101799239
101102044218
101102029966
101102039232
101101797132
101101838807
101102112582
101102062345
101102012178
101101872376
101102133489
101101071783
101102053953
101102029566
101101465046
101102072828
101102067491
101101465327
101101152522
101101874260
101102057984
101101951437
101101822024
101102098342
101101852397
101102098023
101102020221
101101950341
101101169682
101101978560
101101915203
101101779655
101102086762
101102069795
101102141708
101101904187
101101533200
101101233092
101101793412
101101881932
101101969374
101101629764
101102165358
101102155591
101101783305
101101741041
101102156488
101102103926
101101167217
101101566905
101102095965
101102071666
101102119625
101101719022
101101731537
101101934160
101102002785
101102069374
101102009763
101101492608
101102093311
101102090101
101101426624
101101990407
101101605085
101101929923
101102117940
101102046455
101102007384
101101947609
101101663458
101102104497
101101686988
101101349535
101101811376
101101987131
101101994613
101101934719
101102071221
101101786479
101101702263
101101655801
101102096456
101102043020
101102098492
101101919084
101101987522
101101672550
101101965927
101101951013
101101971728
101101428457
101100838212
101102127101
101102110753
101102062462
101102093793
101102120339
101102046209
101102157287
101101855235
101101446616
101102101636
101101705580
101101545479
101102023409
101101999821
101102140285
101101816278
101101629737
101101437841
101101929491
101101706053
101101926832
101101997438
101101687395
101102095144
101102075374
101101688404
101101052589
101101775500
101102090518
101101929396
101102075176
101101769403
101102044326
101101852331
101101307391
101101998373
101101996882
101101807914
101102099829
101102027366
101101968357
101102137118
101101747233
101102141445
101102147089
101102120809
101101583532
101102020282
101101861782
101101775812
101101992823
101101969967
101101808202
101101693874
101101400244
101102126986
101101212890
101102139010
101102047558
101101959524
101101915743
101102156969
101101998204
101101893226
101102156963
101101326113
101101811189
101101922648
